59
256 532
243 543
258 506
258 553
258 638
247 629
259 616
262 663
321 584
365 527
364 649
360 585
398 585
455 582
442 532
442 627
361 507
356 672
231 438
315 463
259 436
239 727
324 702
268 733
238 489
218 532
235 575
237 608
221 623
251 691
219 417
148 407
69 474
18 594
49 678
118 729
197 745
200 493
130 493
137 585
124 655
193 687
538 553
764 146
549 202
465 440
448 692
624 944
756 961
316 500
320 672
381 463
410 495
376 696
411 670
0 0
775 1186
0 1186
775 0