59
262 535
247 535
263 498
268 564
264 662
250 662
264 639
270 704
337 600
387 547
397 654
376 597
427 600
492 600
455 523
460 661
382 516
379 686
215 420
328 444
260 415
230 781
337 753
274 776
239 471
215 510
234 568
233 641
215 691
249 731
172 421
92 430
30 475
3 586
18 700
78 754
152 782
180 465
89 493
126 605
94 705
196 735
582 589
770 121
506 190
405 463
406 731
505 987
767 1057
335 510
338 696
385 473
427 491
417 712
442 692
0 0
775 1186
0 1186
775 0